INDEX SCMPTORUM.

155· 89. 164. 52. 165.
85. 205. 85. 213. 39.
347. 60. 496. 4. 601. 98.
Plutarchus 10. 63. 14· 21-‚
27. 25. 37. 5l.l3. 65.
67- 93. 64. 95. 21., 53.
99. 86. 233. 11. 246. 7.
266. 7. 268. 77. 365. 2.
405. 92. 410. 56. 415.
49. 417.54. 427. 7. 451.
66. 481. 28. 516. 51.
518. 73. 55611. 582.
57- 593.4. 595. 69. 600.
20. 620. 99. 621. 21.
626. 43. 660. 5. 681.89.
705. 74. 707. 72. 11. 7.3.
18. 32. 22. 29. 75. 67.
86. 37. 99. 80. 107. 1.
114. 34. 123. 86. 134.
96. 145. 27., 44. 149.
50. 163-86. 221- l. 244.
30. 259. 84- 319. 7. 337.
50. 348. 80. 354. 70.
364. 77. 434. 75. 442.
64. 477. 49. 516. 61.
537. 53. 560. 96. 578.
61. 641. 25. 644. 3l.‚
44. 646. 2.
Pollux 11. 455. 34.
Polyaenus 322. 10. 414. 40.
476. 60. 619. 50. 682.5.
685. 79. 721.1. 11. 30.
18. 34. 73. 75. 57. 91.
82. 94. 40. 98. 58. 99.
80. 149. 54.Δ 154. 85
155.4. 180. 52. 212. 81.
218. 99. 231.1. 299. 55.
301. 56. 322- 63. 342.
17. 346 23. 349- 28.
408· 30. 419. 67- 445- 4·
Polybi lus 7. 75. 22. 15. 117.
72- 127. 60.‚90. 128.
18. 138.63. 237.3. 304.
22. 607. 37. 652. 47.
654. 15. 11. 40. 62. 41.

553

13. 57. 80. 227. 9. 286.
81. 292· 92. 304. 77.’
46211. 499. 5. 510.25.,
36. 513. 2. 523. 79. 537.
53. 567. 17. 568. 61.
577. 30. 583. 27. 588.
51.,97. 619. 74. 622.13.
624. 78.. 3. 626. 99.
Pomponius Mela 61. 92. 620.
Porphyrio in Horat. 11. 576.
Porphyrius de Abse. 81. 80.
Porphyrius Scaligeri 11. 641.
Procopius 664. 25. 11. 5. 6,
Propertius 11. 343. 62.
Pselli Oracula Obsopoci 143.

'Psellus II. 390. 87.

Ptolemaeus 198.73., 77. 210.
16. 211. 39. 217- 92.
482. 90. 11. 290. 93.
363. 24. 379. 99.

Rabani Mauri editoris error 11.
385. 23. Rufinum descripsit
ibid. et 410. 27.

Sallustius 11. 565. 30.

Scholiasta Aeschinis MS. ΙΙ.
77. 61· 272. 52.

Scholia Apollonii Rhodii 19.
1. 235. 18. 287. 95. 300.
90. 314. 54. 325. 23. 11.
167- 76. 296. 62.

. Scholia Aristidis 671. 23.

Scholia Aristophanis 516. 51.
535. 52. 11. 265.14. 359.
19. 440. 33.

Scholiasta Callimachi 379. 14.

Scholia Demosthenis 618. 98.
11. 93. 70.

Scholia Euripidis 309. 62.

Scholiasta Hermogenis 245. 8 7.

Scholia Homeri 307. 70. 308-
39. 315. 83.,92. 397.29.

Scholia Luciani 256. 74.

