554

Scholia Nicandri 227· 41.
498. 77.

Scholia Pindari 314. 54. 3 Ι 5.
90. 375. 48. 425. 23.
434. 46. 461. 48. 613.
72. 11. 99. 80.

Scholia Sophoclis 281. 60,
65. 11. 265.14. 319. 74.
320. 16.

Scholia Theocriti
327. 34.

Scriptura sacra 57. 32. 185.
3. 25258. 31085. 565.
7. 615. 44..49. 11. 31.
65. 165. 51. 279. 37.
284. 95. 28873. 312.
41. 330. 93. 467. 49.
510. 57. 527. 79. 557.

Scylax 11. 265. 11., 15. 576.
82. 643. 4.

Scymnus 11. 26. 85. 422- 59·
561· 50.

256. 46.

Servius ad Virgilium 365. 6.

Silius 52. 63. 102. 37. 473.

Simonides 425. 23.

Solinus 472. 8. 165. 51.

Sophoclis Trachin. Argument.

Stephanus Byz. 96. 78. 100.
22. 235. 12. 272. 21.
301. 22. 364. 51., 69.
379. 35. 395. 90. 396.
23. 449. 93. 463.19.
464. 68. 471. 80. 620.
87. 666. 88. 707.82.‚88.
11. 25. 51. 63. 52. 127.
64. 223. 4. 242. 5. 265.
15. 431. 76.

Stobaeus 224. 27. 238. 25.
275. 79. 489.85. 11. 62.
19. 110. 13. 267. 17.

551. 50.

Strabo 15. 34. 19. 9. 38. 7.
47. 68. 56. 8. 424. 7. 35.

INDEX SCRIPTORUM.

74. 3021. 127.82. 149.
26.]54.31.177.57.179.
17. 19212. 1943. 210.
82. 2154. 259.97. 264.
84. 299. ’15. 307. 70.
313. 29. 329. 7. 33014.
346. 93. 350. 81. 353.
96. 381.1. 397.29. 492.
29. 508-4. 519. 7. 527.
63. 605. 30. 654. 15.
662. 28. 685. 86. 694.
25. 11. 40. 62. 52. 34.
63. 52. 117. 72. 122. 51.
153. 6. 163. 86. 20020.
21892. 231.1. 239-96.
247. 46. 296. 62. 299.
55. 352. 39. 363. 24.
381. 28. 435. 93. 595.7.
643. 2,, 4. 644. 19.

Suetonius 469. 63. 492. 25.
720. 81. 11. 473. 48.

Suidas 129. 81. 132. 74.
140. 59. 175. 56. 208.
19. 513. 50. 568. 82.
573. 37. 608. 95. 656.
97. 658. 98. 11. 215. 34.
227. 9. 401. 61. 443. 8.
531. 56. 550. 92. 565.
20. 579. 8. 610. 26. 625.
38., 44. 627. 52., 55. 628.
69.,9Ο. 631.27.‚40. 632.
77. 644. 36. 645. 90.
646. 2.

Syncellus 71. 77. 135. 38.
136. 47. 668. 96. 711.
68. 11. 325. 30. 517. 73.
635. 636. 637. 641. 8.

Synesius 99. 2. 142. 20.
177. 30.

Tatianus 237. 71.

Themistius 594. 20·

Themistoclis Epistola 420. 2.

Theocritus 11. 299. 55.

Theodoretus 25. 21. et p. cd.
Lips. vol. 11. 547.

