552 INDEX

Libanius 5425. 83-43. 516.

67. 524. 45. 578. 93

664-11. 695-1. 11. 84]

61. 88.
30. 111-68.
48., 77.
Livius 500. 70. 546. 8.

610. 52. 625. 32.

Lucanus 46. 6. 75. 16.

Lucianus 105. 32. 185. 12.
291.67. 294. 39. 319.
96. 449. 45. 593. 4. ”’ 11.
115. 94. 284. 95. 297.

18. 492. 69.

Lycophrou 189. 92. ΙΙ. 425.

ἱ
Lyssfr'gus 420. 2. 481. 29.

Lysias 289.6. 64228. 679.

81. H. 69. 74. 93. 97.
Malalas H. 441· 98·

Manetho 389. 29. 393. 3. ΙΙ.

469. 52. 541. 31.

Marcianus Capella 11. 644. 19.
Marmor Arundelianum 11. 549.

67. 557. 32.
Matris 28- 34.

Maximus Tyrius II. 143. 48.

340. 28. 553. 35.
Menander ll. 301. 47.
Moeris 124. 74.

Moses Chorenensis II. 518. 19,

Musaeus 11. 468. 98-
Nicander 670. 78.

Nicolaus Dam. 259. 76. 374.

Νοῇυε v. Accius.

Nonni Dionysiaca 217. 89·
229.29. 372-41. 11. 440

Origenes 11. 363. 91. 420.
17. 466. 20.

Orosius 701318. 11. 287-39.

289. 91. 414. 43.

22. 107.1. 108.
147.65. 232.
428. 32. 58Ι.98.
570.
67. 596. 38. 601. 86.
731. So. 11. 374. 70. 399.
32. 471. 37.,46. 51Ο.36. ,

SCRIPTORUM.

Orphica 15. 33. 27. 95., 4.
165. 91. 11. 360. 49. “

Palaephatus 222. 25. 295.
74. 305. 76.

Parthenius 371'. 95. 415. 49.
Alexander Aetolus apud eum
11. 548. 40.

Pausanias 259- 97. 268. 75.
272. 40. 281. 60. 289. 6.
305 76. 313. 29. 322.
10. 376 83. 389. 26.
405. 92. 451. 71. 457.
38. 482- 73. 527. 5. 590.
55. 595. 81. 11. 13. 95.
43. 83. 55. 92. 58. 56.
82. 47. 109. 67. 128-98.
267. 81. 538.12. 568.
90. 638. 67.

Pherecydes 16. 78.

Philargyrius in Virgilium 11.
357. 34.

Philo lud. 1066. 45.66. 47.
68. 102.14. 152. 77.
298. 67. 559. 35. 641.
98. 693. 76. 11. 116. 13.
138. 3. 143. 48. 175. 68.

Philo Meehan. 11. 193. 85.
243- 98. 469. 34.

Philostratus 14. 7. 122. 93.
123. 8. ,46. 283 43. 331.

508. 97- 668- 70. ll.
7. 3. 40. 74. 124. 31.
147. 65. 246. 32.

Philostrati Hernica 11. 465. 44.

Photii Bibliotheca 210. 811.
716.8. 11. 5. 73.,76. 268.
46. 287. 38., 39. v. Aga-
tharchides, Himerius.

Phrynichus Bibl, Coisl. 107.
25. 109. 66.

Phrynichus Eclog. 130-16·

Pindarus 282. 89. 374. ll·
421. 68. Argum. Nem. 453.

Plinius H. N. 75. 16. 124.
51. 151. 95. 153. 20

